{
 "cells": [
  {
   "cell_type": "code",
   "execution_count": 19,
   "metadata": {},
   "outputs": [],
   "source": [
    "import numpy as np\n",
    "import pandas as pd\n",
    "from pandas import DataFrame\n",
    "from pandas import Series\n",
    "from numpy import nan as NA"
   ]
  },
  {
   "cell_type": "code",
   "execution_count": 54,
   "metadata": {},
   "outputs": [
    {
     "data": {
      "text/html": [
       "<div>\n",
       "<style scoped>\n",
       "    .dataframe tbody tr th:only-of-type {\n",
       "        vertical-align: middle;\n",
       "    }\n",
       "\n",
       "    .dataframe tbody tr th {\n",
       "        vertical-align: top;\n",
       "    }\n",
       "\n",
       "    .dataframe thead th {\n",
       "        text-align: right;\n",
       "    }\n",
       "</style>\n",
       "<table border=\"1\" class=\"dataframe\">\n",
       "  <thead>\n",
       "    <tr style=\"text-align: right;\">\n",
       "      <th></th>\n",
       "      <th>NUM</th>\n",
       "      <th>식료품</th>\n",
       "      <th>의복</th>\n",
       "      <th>외식비</th>\n",
       "      <th>책값</th>\n",
       "      <th>온라인소액결제</th>\n",
       "      <th>의료비</th>\n",
       "    </tr>\n",
       "  </thead>\n",
       "  <tbody>\n",
       "    <tr>\n",
       "      <th>0</th>\n",
       "      <td>1</td>\n",
       "      <td>19,400</td>\n",
       "      <td>143,000</td>\n",
       "      <td>8,600</td>\n",
       "      <td>29,000</td>\n",
       "      <td>5,600</td>\n",
       "      <td>19,200</td>\n",
       "    </tr>\n",
       "    <tr>\n",
       "      <th>1</th>\n",
       "      <td>2</td>\n",
       "      <td>22,200</td>\n",
       "      <td>120,400</td>\n",
       "      <td>7,000</td>\n",
       "      <td>26,000</td>\n",
       "      <td>3,300</td>\n",
       "      <td>13,000</td>\n",
       "    </tr>\n",
       "    <tr>\n",
       "      <th>2</th>\n",
       "      <td>3</td>\n",
       "      <td>24,600</td>\n",
       "      <td>88,500</td>\n",
       "      <td>7,500</td>\n",
       "      <td>22,000</td>\n",
       "      <td>7,500</td>\n",
       "      <td>16,600</td>\n",
       "    </tr>\n",
       "    <tr>\n",
       "      <th>3</th>\n",
       "      <td>4</td>\n",
       "      <td>22,300</td>\n",
       "      <td>124,800</td>\n",
       "      <td>7,700</td>\n",
       "      <td>78,000</td>\n",
       "      <td>3,900</td>\n",
       "      <td>28,100</td>\n",
       "    </tr>\n",
       "    <tr>\n",
       "      <th>4</th>\n",
       "      <td>5</td>\n",
       "      <td>31,800</td>\n",
       "      <td>130,100</td>\n",
       "      <td>8,400</td>\n",
       "      <td>25,000</td>\n",
       "      <td>7,700</td>\n",
       "      <td>20,500</td>\n",
       "    </tr>\n",
       "    <tr>\n",
       "      <th>5</th>\n",
       "      <td>6</td>\n",
       "      <td>43,000</td>\n",
       "      <td>118,200</td>\n",
       "      <td>6,300</td>\n",
       "      <td>25,000</td>\n",
       "      <td>4,300</td>\n",
       "      <td>32,500</td>\n",
       "    </tr>\n",
       "    <tr>\n",
       "      <th>6</th>\n",
       "      <td>7</td>\n",
       "      <td>29,400</td>\n",
       "      <td>147,600</td>\n",
       "      <td>10,700</td>\n",
       "      <td>24,000</td>\n",
       "      <td>12,000</td>\n",
       "      <td>26,500</td>\n",
       "    </tr>\n",
       "    <tr>\n",
       "      <th>7</th>\n",
       "      <td>8</td>\n",
       "      <td>29,200</td>\n",
       "      <td>161,900</td>\n",
       "      <td>7,500</td>\n",
       "      <td>33,000</td>\n",
       "      <td>6,300</td>\n",
       "      <td>3,500</td>\n",
       "    </tr>\n",
       "    <tr>\n",
       "      <th>8</th>\n",
       "      <td>9</td>\n",
       "      <td>29,100</td>\n",
       "      <td>134,900</td>\n",
       "      <td>4,600</td>\n",
       "      <td>27,000</td>\n",
       "      <td>7,300</td>\n",
       "      <td>18,700</td>\n",
       "    </tr>\n",
       "    <tr>\n",
       "      <th>9</th>\n",
       "      <td>10</td>\n",
       "      <td>24,000</td>\n",
       "      <td>136,100</td>\n",
       "      <td>8,100</td>\n",
       "      <td>32,000</td>\n",
       "      <td>6,600</td>\n",
       "      <td>24,400</td>\n",
       "    </tr>\n",
       "    <tr>\n",
       "      <th>10</th>\n",
       "      <td>11</td>\n",
       "      <td>30,100</td>\n",
       "      <td>139,600</td>\n",
       "      <td>7,500</td>\n",
       "      <td>23,000</td>\n",
       "      <td>7,300</td>\n",
       "      <td>27,300</td>\n",
       "    </tr>\n",
       "    <tr>\n",
       "      <th>11</th>\n",
       "      <td>12</td>\n",
       "      <td>13,500</td>\n",
       "      <td>141,500</td>\n",
       "      <td>7,800</td>\n",
       "      <td>25,000</td>\n",
       "      <td>2,900</td>\n",
       "      <td>22,300</td>\n",
       "    </tr>\n",
       "    <tr>\n",
       "      <th>12</th>\n",
       "      <td>13</td>\n",
       "      <td>24,000</td>\n",
       "      <td>132,600</td>\n",
       "      <td>6,700</td>\n",
       "      <td>28,000</td>\n",
       "      <td>7,000</td>\n",
       "      <td>28,800</td>\n",
       "    </tr>\n",
       "    <tr>\n",
       "      <th>13</th>\n",
       "      <td>14</td>\n",
       "      <td>20,600</td>\n",
       "      <td>105,600</td>\n",
       "      <td>32,000</td>\n",
       "      <td>21,000</td>\n",
       "      <td>6,200</td>\n",
       "      <td>41,000</td>\n",
       "    </tr>\n",
       "    <tr>\n",
       "      <th>14</th>\n",
       "      <td>15</td>\n",
       "      <td>20,600</td>\n",
       "      <td>153,500</td>\n",
       "      <td>6,700</td>\n",
       "      <td>27,000</td>\n",
       "      <td>3,100</td>\n",
       "      <td>19,100</td>\n",
       "    </tr>\n",
       "    <tr>\n",
       "      <th>15</th>\n",
       "      <td>16</td>\n",
       "      <td>28,500</td>\n",
       "      <td>118,500</td>\n",
       "      <td>8,200</td>\n",
       "      <td>25,000</td>\n",
       "      <td>6,000</td>\n",
       "      <td>25,800</td>\n",
       "    </tr>\n",
       "    <tr>\n",
       "      <th>16</th>\n",
       "      <td>17</td>\n",
       "      <td>22,900</td>\n",
       "      <td>69,100</td>\n",
       "      <td>6,700</td>\n",
       "      <td>33,000</td>\n",
       "      <td>6,900</td>\n",
       "      <td>14,600</td>\n",
       "    </tr>\n",
       "    <tr>\n",
       "      <th>17</th>\n",
       "      <td>18</td>\n",
       "      <td>26,400</td>\n",
       "      <td>230,000</td>\n",
       "      <td>8,800</td>\n",
       "      <td>24,000</td>\n",
       "      <td>7,500</td>\n",
       "      <td>19,600</td>\n",
       "    </tr>\n",
       "    <tr>\n",
       "      <th>18</th>\n",
       "      <td>19</td>\n",
       "      <td>24,200</td>\n",
       "      <td>47,500</td>\n",
       "      <td>8,900</td>\n",
       "      <td>21,000</td>\n",
       "      <td>4,900</td>\n",
       "      <td>11,100</td>\n",
       "    </tr>\n",
       "    <tr>\n",
       "      <th>19</th>\n",
       "      <td>20</td>\n",
       "      <td>28,600</td>\n",
       "      <td>127,000</td>\n",
       "      <td>9,800</td>\n",
       "      <td>23,000</td>\n",
       "      <td>3,700</td>\n",
       "      <td>4,500</td>\n",
       "    </tr>\n",
       "    <tr>\n",
       "      <th>20</th>\n",
       "      <td>21</td>\n",
       "      <td>21,700</td>\n",
       "      <td>110,400</td>\n",
       "      <td>6,500</td>\n",
       "      <td>28,000</td>\n",
       "      <td>5,600</td>\n",
       "      <td>25,500</td>\n",
       "    </tr>\n",
       "    <tr>\n",
       "      <th>21</th>\n",
       "      <td>22</td>\n",
       "      <td>34,500</td>\n",
       "      <td>123,900</td>\n",
       "      <td>8,200</td>\n",
       "      <td>134,000</td>\n",
       "      <td>6,000</td>\n",
       "      <td>27,900</td>\n",
       "    </tr>\n",
       "    <tr>\n",
       "      <th>22</th>\n",
       "      <td>23</td>\n",
       "      <td>21,700</td>\n",
       "      <td>124,300</td>\n",
       "      <td>42,000</td>\n",
       "      <td>21,000</td>\n",
       "      <td>13,000</td>\n",
       "      <td>15,000</td>\n",
       "    </tr>\n",
       "    <tr>\n",
       "      <th>23</th>\n",
       "      <td>24</td>\n",
       "      <td>27,400</td>\n",
       "      <td>112,400</td>\n",
       "      <td>3,800</td>\n",
       "      <td>24,000</td>\n",
       "      <td>5,800</td>\n",
       "      <td>21,300</td>\n",
       "    </tr>\n",
       "    <tr>\n",
       "      <th>24</th>\n",
       "      <td>25</td>\n",
       "      <td>25,400</td>\n",
       "      <td>253,000</td>\n",
       "      <td>6,200</td>\n",
       "      <td>27,000</td>\n",
       "      <td>5,700</td>\n",
       "      <td>26,000</td>\n",
       "    </tr>\n",
       "    <tr>\n",
       "      <th>25</th>\n",
       "      <td>26</td>\n",
       "      <td>28,600</td>\n",
       "      <td>139,300</td>\n",
       "      <td>7,100</td>\n",
       "      <td>33,000</td>\n",
       "      <td>6,000</td>\n",
       "      <td>21,800</td>\n",
       "    </tr>\n",
       "    <tr>\n",
       "      <th>26</th>\n",
       "      <td>27</td>\n",
       "      <td>38,100</td>\n",
       "      <td>122,900</td>\n",
       "      <td>6,000</td>\n",
       "      <td>26,000</td>\n",
       "      <td>6,800</td>\n",
       "      <td>22,400</td>\n",
       "    </tr>\n",
       "    <tr>\n",
       "      <th>27</th>\n",
       "      <td>28</td>\n",
       "      <td>27,800</td>\n",
       "      <td>134,200</td>\n",
       "      <td>8,600</td>\n",
       "      <td>21,000</td>\n",
       "      <td>7,200</td>\n",
       "      <td>17,400</td>\n",
       "    </tr>\n",
       "    <tr>\n",
       "      <th>28</th>\n",
       "      <td>29</td>\n",
       "      <td>31,300</td>\n",
       "      <td>93,800</td>\n",
       "      <td>6,600</td>\n",
       "      <td>30,000</td>\n",
       "      <td>5,400</td>\n",
       "      <td>29,200</td>\n",
       "    </tr>\n",
       "    <tr>\n",
       "      <th>29</th>\n",
       "      <td>30</td>\n",
       "      <td>24,600</td>\n",
       "      <td>163,100</td>\n",
       "      <td>6,900</td>\n",
       "      <td>30,000</td>\n",
       "      <td>4,800</td>\n",
       "      <td>10,000</td>\n",
       "    </tr>\n",
       "  </tbody>\n",
       "</table>\n",
       "</div>"
      ],
      "text/plain": [
       "    NUM     식료품       의복     외식비       책값 온라인소액결제     의료비\n",
       "0     1  19,400  143,000   8,600   29,000   5,600  19,200\n",
       "1     2  22,200  120,400   7,000   26,000   3,300  13,000\n",
       "2     3  24,600   88,500   7,500   22,000   7,500  16,600\n",
       "3     4  22,300  124,800   7,700   78,000   3,900  28,100\n",
       "4     5  31,800  130,100   8,400   25,000   7,700  20,500\n",
       "5     6  43,000  118,200   6,300   25,000   4,300  32,500\n",
       "6     7  29,400  147,600  10,700   24,000  12,000  26,500\n",
       "7     8  29,200  161,900   7,500   33,000   6,300   3,500\n",
       "8     9  29,100  134,900   4,600   27,000   7,300  18,700\n",
       "9    10  24,000  136,100   8,100   32,000   6,600  24,400\n",
       "10   11  30,100  139,600   7,500   23,000   7,300  27,300\n",
       "11   12  13,500  141,500   7,800   25,000   2,900  22,300\n",
       "12   13  24,000  132,600   6,700   28,000   7,000  28,800\n",
       "13   14  20,600  105,600  32,000   21,000   6,200  41,000\n",
       "14   15  20,600  153,500   6,700   27,000   3,100  19,100\n",
       "15   16  28,500  118,500   8,200   25,000   6,000  25,800\n",
       "16   17  22,900   69,100   6,700   33,000   6,900  14,600\n",
       "17   18  26,400  230,000   8,800   24,000   7,500  19,600\n",
       "18   19  24,200   47,500   8,900   21,000   4,900  11,100\n",
       "19   20  28,600  127,000   9,800   23,000   3,700   4,500\n",
       "20   21  21,700  110,400   6,500   28,000   5,600  25,500\n",
       "21   22  34,500  123,900   8,200  134,000   6,000  27,900\n",
       "22   23  21,700  124,300  42,000   21,000  13,000  15,000\n",
       "23   24  27,400  112,400   3,800   24,000   5,800  21,300\n",
       "24   25  25,400  253,000   6,200   27,000   5,700  26,000\n",
       "25   26  28,600  139,300   7,100   33,000   6,000  21,800\n",
       "26   27  38,100  122,900   6,000   26,000   6,800  22,400\n",
       "27   28  27,800  134,200   8,600   21,000   7,200  17,400\n",
       "28   29  31,300   93,800   6,600   30,000   5,400  29,200\n",
       "29   30  24,600  163,100   6,900   30,000   4,800  10,000"
      ]
     },
     "execution_count": 54,
     "metadata": {},
     "output_type": "execute_result"
    }
   ],
   "source": [
    "card = pd.read_csv('card_history.txt', sep = '\\s+')\n",
    "card"
   ]
  },
  {
   "cell_type": "code",
   "execution_count": 55,
   "metadata": {},
   "outputs": [],
   "source": [
    "card = card.set_index('NUM')"
   ]
  },
  {
   "cell_type": "code",
   "execution_count": 56,
   "metadata": {},
   "outputs": [],
   "source": [
    "f1 = lambda x : int(x.replace(',',''))"
   ]
  },
  {
   "cell_type": "code",
   "execution_count": 57,
   "metadata": {
    "scrolled": true
   },
   "outputs": [],
   "source": [
    "card = card.applymap(f1)\n"
   ]
  },
  {
   "cell_type": "code",
   "execution_count": 58,
   "metadata": {},
   "outputs": [
    {
     "data": {
      "text/html": [
       "<div>\n",
       "<style scoped>\n",
       "    .dataframe tbody tr th:only-of-type {\n",
       "        vertical-align: middle;\n",
       "    }\n",
       "\n",
       "    .dataframe tbody tr th {\n",
       "        vertical-align: top;\n",
       "    }\n",
       "\n",
       "    .dataframe thead th {\n",
       "        text-align: right;\n",
       "    }\n",
       "</style>\n",
       "<table border=\"1\" class=\"dataframe\">\n",
       "  <thead>\n",
       "    <tr style=\"text-align: right;\">\n",
       "      <th></th>\n",
       "      <th>식료품</th>\n",
       "      <th>의복</th>\n",
       "      <th>외식비</th>\n",
       "      <th>책값</th>\n",
       "      <th>온라인소액결제</th>\n",
       "      <th>의료비</th>\n",
       "    </tr>\n",
       "    <tr>\n",
       "      <th>NUM</th>\n",
       "      <th></th>\n",
       "      <th></th>\n",
       "      <th></th>\n",
       "      <th></th>\n",
       "      <th></th>\n",
       "      <th></th>\n",
       "    </tr>\n",
       "  </thead>\n",
       "  <tbody>\n",
       "    <tr>\n",
       "      <th>1</th>\n",
       "      <td>19400</td>\n",
       "      <td>143000</td>\n",
       "      <td>8600</td>\n",
       "      <td>29000</td>\n",
       "      <td>5600</td>\n",
       "      <td>19200</td>\n",
       "    </tr>\n",
       "    <tr>\n",
       "      <th>2</th>\n",
       "      <td>22200</td>\n",
       "      <td>120400</td>\n",
       "      <td>7000</td>\n",
       "      <td>26000</td>\n",
       "      <td>3300</td>\n",
       "      <td>13000</td>\n",
       "    </tr>\n",
       "    <tr>\n",
       "      <th>3</th>\n",
       "      <td>24600</td>\n",
       "      <td>88500</td>\n",
       "      <td>7500</td>\n",
       "      <td>22000</td>\n",
       "      <td>7500</td>\n",
       "      <td>16600</td>\n",
       "    </tr>\n",
       "    <tr>\n",
       "      <th>4</th>\n",
       "      <td>22300</td>\n",
       "      <td>124800</td>\n",
       "      <td>7700</td>\n",
       "      <td>78000</td>\n",
       "      <td>3900</td>\n",
       "      <td>28100</td>\n",
       "    </tr>\n",
       "    <tr>\n",
       "      <th>5</th>\n",
       "      <td>31800</td>\n",
       "      <td>130100</td>\n",
       "      <td>8400</td>\n",
       "      <td>25000</td>\n",
       "      <td>7700</td>\n",
       "      <td>20500</td>\n",
       "    </tr>\n",
       "    <tr>\n",
       "      <th>6</th>\n",
       "      <td>43000</td>\n",
       "      <td>118200</td>\n",
       "      <td>6300</td>\n",
       "      <td>25000</td>\n",
       "      <td>4300</td>\n",
       "      <td>32500</td>\n",
       "    </tr>\n",
       "    <tr>\n",
       "      <th>7</th>\n",
       "      <td>29400</td>\n",
       "      <td>147600</td>\n",
       "      <td>10700</td>\n",
       "      <td>24000</td>\n",
       "      <td>12000</td>\n",
       "      <td>26500</td>\n",
       "    </tr>\n",
       "    <tr>\n",
       "      <th>8</th>\n",
       "      <td>29200</td>\n",
       "      <td>161900</td>\n",
       "      <td>7500</td>\n",
       "      <td>33000</td>\n",
       "      <td>6300</td>\n",
       "      <td>3500</td>\n",
       "    </tr>\n",
       "    <tr>\n",
       "      <th>9</th>\n",
       "      <td>29100</td>\n",
       "      <td>134900</td>\n",
       "      <td>4600</td>\n",
       "      <td>27000</td>\n",
       "      <td>7300</td>\n",
       "      <td>18700</td>\n",
       "    </tr>\n",
       "    <tr>\n",
       "      <th>10</th>\n",
       "      <td>24000</td>\n",
       "      <td>136100</td>\n",
       "      <td>8100</td>\n",
       "      <td>32000</td>\n",
       "      <td>6600</td>\n",
       "      <td>24400</td>\n",
       "    </tr>\n",
       "    <tr>\n",
       "      <th>11</th>\n",
       "      <td>30100</td>\n",
       "      <td>139600</td>\n",
       "      <td>7500</td>\n",
       "      <td>23000</td>\n",
       "      <td>7300</td>\n",
       "      <td>27300</td>\n",
       "    </tr>\n",
       "    <tr>\n",
       "      <th>12</th>\n",
       "      <td>13500</td>\n",
       "      <td>141500</td>\n",
       "      <td>7800</td>\n",
       "      <td>25000</td>\n",
       "      <td>2900</td>\n",
       "      <td>22300</td>\n",
       "    </tr>\n",
       "    <tr>\n",
       "      <th>13</th>\n",
       "      <td>24000</td>\n",
       "      <td>132600</td>\n",
       "      <td>6700</td>\n",
       "      <td>28000</td>\n",
       "      <td>7000</td>\n",
       "      <td>28800</td>\n",
       "    </tr>\n",
       "    <tr>\n",
       "      <th>14</th>\n",
       "      <td>20600</td>\n",
       "      <td>105600</td>\n",
       "      <td>32000</td>\n",
       "      <td>21000</td>\n",
       "      <td>6200</td>\n",
       "      <td>41000</td>\n",
       "    </tr>\n",
       "    <tr>\n",
       "      <th>15</th>\n",
       "      <td>20600</td>\n",
       "      <td>153500</td>\n",
       "      <td>6700</td>\n",
       "      <td>27000</td>\n",
       "      <td>3100</td>\n",
       "      <td>19100</td>\n",
       "    </tr>\n",
       "    <tr>\n",
       "      <th>16</th>\n",
       "      <td>28500</td>\n",
       "      <td>118500</td>\n",
       "      <td>8200</td>\n",
       "      <td>25000</td>\n",
       "      <td>6000</td>\n",
       "      <td>25800</td>\n",
       "    </tr>\n",
       "    <tr>\n",
       "      <th>17</th>\n",
       "      <td>22900</td>\n",
       "      <td>69100</td>\n",
       "      <td>6700</td>\n",
       "      <td>33000</td>\n",
       "      <td>6900</td>\n",
       "      <td>14600</td>\n",
       "    </tr>\n",
       "    <tr>\n",
       "      <th>18</th>\n",
       "      <td>26400</td>\n",
       "      <td>230000</td>\n",
       "      <td>8800</td>\n",
       "      <td>24000</td>\n",
       "      <td>7500</td>\n",
       "      <td>19600</td>\n",
       "    </tr>\n",
       "    <tr>\n",
       "      <th>19</th>\n",
       "      <td>24200</td>\n",
       "      <td>47500</td>\n",
       "      <td>8900</td>\n",
       "      <td>21000</td>\n",
       "      <td>4900</td>\n",
       "      <td>11100</td>\n",
       "    </tr>\n",
       "    <tr>\n",
       "      <th>20</th>\n",
       "      <td>28600</td>\n",
       "      <td>127000</td>\n",
       "      <td>9800</td>\n",
       "      <td>23000</td>\n",
       "      <td>3700</td>\n",
       "      <td>4500</td>\n",
       "    </tr>\n",
       "    <tr>\n",
       "      <th>21</th>\n",
       "      <td>21700</td>\n",
       "      <td>110400</td>\n",
       "      <td>6500</td>\n",
       "      <td>28000</td>\n",
       "      <td>5600</td>\n",
       "      <td>25500</td>\n",
       "    </tr>\n",
       "    <tr>\n",
       "      <th>22</th>\n",
       "      <td>34500</td>\n",
       "      <td>123900</td>\n",
       "      <td>8200</td>\n",
       "      <td>134000</td>\n",
       "      <td>6000</td>\n",
       "      <td>27900</td>\n",
       "    </tr>\n",
       "    <tr>\n",
       "      <th>23</th>\n",
       "      <td>21700</td>\n",
       "      <td>124300</td>\n",
       "      <td>42000</td>\n",
       "      <td>21000</td>\n",
       "      <td>13000</td>\n",
       "      <td>15000</td>\n",
       "    </tr>\n",
       "    <tr>\n",
       "      <th>24</th>\n",
       "      <td>27400</td>\n",
       "      <td>112400</td>\n",
       "      <td>3800</td>\n",
       "      <td>24000</td>\n",
       "      <td>5800</td>\n",
       "      <td>21300</td>\n",
       "    </tr>\n",
       "    <tr>\n",
       "      <th>25</th>\n",
       "      <td>25400</td>\n",
       "      <td>253000</td>\n",
       "      <td>6200</td>\n",
       "      <td>27000</td>\n",
       "      <td>5700</td>\n",
       "      <td>26000</td>\n",
       "    </tr>\n",
       "    <tr>\n",
       "      <th>26</th>\n",
       "      <td>28600</td>\n",
       "      <td>139300</td>\n",
       "      <td>7100</td>\n",
       "      <td>33000</td>\n",
       "      <td>6000</td>\n",
       "      <td>21800</td>\n",
       "    </tr>\n",
       "    <tr>\n",
       "      <th>27</th>\n",
       "      <td>38100</td>\n",
       "      <td>122900</td>\n",
       "      <td>6000</td>\n",
       "      <td>26000</td>\n",
       "      <td>6800</td>\n",
       "      <td>22400</td>\n",
       "    </tr>\n",
       "    <tr>\n",
       "      <th>28</th>\n",
       "      <td>27800</td>\n",
       "      <td>134200</td>\n",
       "      <td>8600</td>\n",
       "      <td>21000</td>\n",
       "      <td>7200</td>\n",
       "      <td>17400</td>\n",
       "    </tr>\n",
       "    <tr>\n",
       "      <th>29</th>\n",
       "      <td>31300</td>\n",
       "      <td>93800</td>\n",
       "      <td>6600</td>\n",
       "      <td>30000</td>\n",
       "      <td>5400</td>\n",
       "      <td>29200</td>\n",
       "    </tr>\n",
       "    <tr>\n",
       "      <th>30</th>\n",
       "      <td>24600</td>\n",
       "      <td>163100</td>\n",
       "      <td>6900</td>\n",
       "      <td>30000</td>\n",
       "      <td>4800</td>\n",
       "      <td>10000</td>\n",
       "    </tr>\n",
       "  </tbody>\n",
       "</table>\n",
       "</div>"
      ],
      "text/plain": [
       "       식료품      의복    외식비      책값  온라인소액결제    의료비\n",
       "NUM                                              \n",
       "1    19400  143000   8600   29000     5600  19200\n",
       "2    22200  120400   7000   26000     3300  13000\n",
       "3    24600   88500   7500   22000     7500  16600\n",
       "4    22300  124800   7700   78000     3900  28100\n",
       "5    31800  130100   8400   25000     7700  20500\n",
       "6    43000  118200   6300   25000     4300  32500\n",
       "7    29400  147600  10700   24000    12000  26500\n",
       "8    29200  161900   7500   33000     6300   3500\n",
       "9    29100  134900   4600   27000     7300  18700\n",
       "10   24000  136100   8100   32000     6600  24400\n",
       "11   30100  139600   7500   23000     7300  27300\n",
       "12   13500  141500   7800   25000     2900  22300\n",
       "13   24000  132600   6700   28000     7000  28800\n",
       "14   20600  105600  32000   21000     6200  41000\n",
       "15   20600  153500   6700   27000     3100  19100\n",
       "16   28500  118500   8200   25000     6000  25800\n",
       "17   22900   69100   6700   33000     6900  14600\n",
       "18   26400  230000   8800   24000     7500  19600\n",
       "19   24200   47500   8900   21000     4900  11100\n",
       "20   28600  127000   9800   23000     3700   4500\n",
       "21   21700  110400   6500   28000     5600  25500\n",
       "22   34500  123900   8200  134000     6000  27900\n",
       "23   21700  124300  42000   21000    13000  15000\n",
       "24   27400  112400   3800   24000     5800  21300\n",
       "25   25400  253000   6200   27000     5700  26000\n",
       "26   28600  139300   7100   33000     6000  21800\n",
       "27   38100  122900   6000   26000     6800  22400\n",
       "28   27800  134200   8600   21000     7200  17400\n",
       "29   31300   93800   6600   30000     5400  29200\n",
       "30   24600  163100   6900   30000     4800  10000"
      ]
     },
     "execution_count": 58,
     "metadata": {},
     "output_type": "execute_result"
    }
   ],
   "source": [
    "card"
   ]
  },
  {
   "cell_type": "code",
   "execution_count": 59,
   "metadata": {},
   "outputs": [],
   "source": [
    "# 1) 각 일별 지출 품목의 자치 비율 출력\n"
   ]
  },
  {
   "cell_type": "code",
   "execution_count": 60,
   "metadata": {},
   "outputs": [],
   "source": [
    "f2 = lambda x : x/x.sum()*100"
   ]
  },
  {
   "cell_type": "code",
   "execution_count": 65,
   "metadata": {},
   "outputs": [
    {
     "data": {
      "text/html": [
       "<div>\n",
       "<style scoped>\n",
       "    .dataframe tbody tr th:only-of-type {\n",
       "        vertical-align: middle;\n",
       "    }\n",
       "\n",
       "    .dataframe tbody tr th {\n",
       "        vertical-align: top;\n",
       "    }\n",
       "\n",
       "    .dataframe thead th {\n",
       "        text-align: right;\n",
       "    }\n",
       "</style>\n",
       "<table border=\"1\" class=\"dataframe\">\n",
       "  <thead>\n",
       "    <tr style=\"text-align: right;\">\n",
       "      <th></th>\n",
       "      <th>식료품</th>\n",
       "      <th>의복</th>\n",
       "      <th>외식비</th>\n",
       "      <th>책값</th>\n",
       "      <th>온라인소액결제</th>\n",
       "      <th>의료비</th>\n",
       "    </tr>\n",
       "    <tr>\n",
       "      <th>NUM</th>\n",
       "      <th></th>\n",
       "      <th></th>\n",
       "      <th></th>\n",
       "      <th></th>\n",
       "      <th></th>\n",
       "      <th></th>\n",
       "    </tr>\n",
       "  </thead>\n",
       "  <tbody>\n",
       "    <tr>\n",
       "      <th>1</th>\n",
       "      <td>8.629893</td>\n",
       "      <td>63.612100</td>\n",
       "      <td>3.825623</td>\n",
       "      <td>12.900356</td>\n",
       "      <td>2.491103</td>\n",
       "      <td>8.540925</td>\n",
       "    </tr>\n",
       "    <tr>\n",
       "      <th>2</th>\n",
       "      <td>11.568525</td>\n",
       "      <td>62.741011</td>\n",
       "      <td>3.647733</td>\n",
       "      <td>13.548723</td>\n",
       "      <td>1.719646</td>\n",
       "      <td>6.774362</td>\n",
       "    </tr>\n",
       "    <tr>\n",
       "      <th>3</th>\n",
       "      <td>14.757049</td>\n",
       "      <td>53.089382</td>\n",
       "      <td>4.499100</td>\n",
       "      <td>13.197361</td>\n",
       "      <td>4.499100</td>\n",
       "      <td>9.958008</td>\n",
       "    </tr>\n",
       "    <tr>\n",
       "      <th>4</th>\n",
       "      <td>8.421450</td>\n",
       "      <td>47.129909</td>\n",
       "      <td>2.907855</td>\n",
       "      <td>29.456193</td>\n",
       "      <td>1.472810</td>\n",
       "      <td>10.611782</td>\n",
       "    </tr>\n",
       "    <tr>\n",
       "      <th>5</th>\n",
       "      <td>14.228188</td>\n",
       "      <td>58.210291</td>\n",
       "      <td>3.758389</td>\n",
       "      <td>11.185682</td>\n",
       "      <td>3.445190</td>\n",
       "      <td>9.172260</td>\n",
       "    </tr>\n",
       "    <tr>\n",
       "      <th>6</th>\n",
       "      <td>18.752726</td>\n",
       "      <td>51.548190</td>\n",
       "      <td>2.747492</td>\n",
       "      <td>10.902747</td>\n",
       "      <td>1.875273</td>\n",
       "      <td>14.173572</td>\n",
       "    </tr>\n",
       "    <tr>\n",
       "      <th>7</th>\n",
       "      <td>11.750600</td>\n",
       "      <td>58.992806</td>\n",
       "      <td>4.276579</td>\n",
       "      <td>9.592326</td>\n",
       "      <td>4.796163</td>\n",
       "      <td>10.591527</td>\n",
       "    </tr>\n",
       "    <tr>\n",
       "      <th>8</th>\n",
       "      <td>12.096106</td>\n",
       "      <td>67.067109</td>\n",
       "      <td>3.106877</td>\n",
       "      <td>13.670257</td>\n",
       "      <td>2.609776</td>\n",
       "      <td>1.449876</td>\n",
       "    </tr>\n",
       "    <tr>\n",
       "      <th>9</th>\n",
       "      <td>13.131769</td>\n",
       "      <td>60.875451</td>\n",
       "      <td>2.075812</td>\n",
       "      <td>12.184116</td>\n",
       "      <td>3.294224</td>\n",
       "      <td>8.438628</td>\n",
       "    </tr>\n",
       "    <tr>\n",
       "      <th>10</th>\n",
       "      <td>10.380623</td>\n",
       "      <td>58.866782</td>\n",
       "      <td>3.503460</td>\n",
       "      <td>13.840830</td>\n",
       "      <td>2.854671</td>\n",
       "      <td>10.553633</td>\n",
       "    </tr>\n",
       "    <tr>\n",
       "      <th>11</th>\n",
       "      <td>12.819421</td>\n",
       "      <td>59.454855</td>\n",
       "      <td>3.194208</td>\n",
       "      <td>9.795571</td>\n",
       "      <td>3.109029</td>\n",
       "      <td>11.626917</td>\n",
       "    </tr>\n",
       "    <tr>\n",
       "      <th>12</th>\n",
       "      <td>6.338028</td>\n",
       "      <td>66.431925</td>\n",
       "      <td>3.661972</td>\n",
       "      <td>11.737089</td>\n",
       "      <td>1.361502</td>\n",
       "      <td>10.469484</td>\n",
       "    </tr>\n",
       "    <tr>\n",
       "      <th>13</th>\n",
       "      <td>10.568032</td>\n",
       "      <td>58.388375</td>\n",
       "      <td>2.950242</td>\n",
       "      <td>12.329370</td>\n",
       "      <td>3.082343</td>\n",
       "      <td>12.681638</td>\n",
       "    </tr>\n",
       "    <tr>\n",
       "      <th>14</th>\n",
       "      <td>9.098940</td>\n",
       "      <td>46.643110</td>\n",
       "      <td>14.134276</td>\n",
       "      <td>9.275618</td>\n",
       "      <td>2.738516</td>\n",
       "      <td>18.109541</td>\n",
       "    </tr>\n",
       "    <tr>\n",
       "      <th>15</th>\n",
       "      <td>8.956522</td>\n",
       "      <td>66.739130</td>\n",
       "      <td>2.913043</td>\n",
       "      <td>11.739130</td>\n",
       "      <td>1.347826</td>\n",
       "      <td>8.304348</td>\n",
       "    </tr>\n",
       "    <tr>\n",
       "      <th>16</th>\n",
       "      <td>13.443396</td>\n",
       "      <td>55.896226</td>\n",
       "      <td>3.867925</td>\n",
       "      <td>11.792453</td>\n",
       "      <td>2.830189</td>\n",
       "      <td>12.169811</td>\n",
       "    </tr>\n",
       "    <tr>\n",
       "      <th>17</th>\n",
       "      <td>14.947781</td>\n",
       "      <td>45.104439</td>\n",
       "      <td>4.373368</td>\n",
       "      <td>21.540470</td>\n",
       "      <td>4.503916</td>\n",
       "      <td>9.530026</td>\n",
       "    </tr>\n",
       "    <tr>\n",
       "      <th>18</th>\n",
       "      <td>8.346506</td>\n",
       "      <td>72.715776</td>\n",
       "      <td>2.782169</td>\n",
       "      <td>7.587733</td>\n",
       "      <td>2.371167</td>\n",
       "      <td>6.196649</td>\n",
       "    </tr>\n",
       "    <tr>\n",
       "      <th>19</th>\n",
       "      <td>20.578231</td>\n",
       "      <td>40.391156</td>\n",
       "      <td>7.568027</td>\n",
       "      <td>17.857143</td>\n",
       "      <td>4.166667</td>\n",
       "      <td>9.438776</td>\n",
       "    </tr>\n",
       "    <tr>\n",
       "      <th>20</th>\n",
       "      <td>14.547304</td>\n",
       "      <td>64.598169</td>\n",
       "      <td>4.984741</td>\n",
       "      <td>11.698881</td>\n",
       "      <td>1.881994</td>\n",
       "      <td>2.288911</td>\n",
       "    </tr>\n",
       "    <tr>\n",
       "      <th>21</th>\n",
       "      <td>10.976227</td>\n",
       "      <td>55.842185</td>\n",
       "      <td>3.287810</td>\n",
       "      <td>14.162873</td>\n",
       "      <td>2.832575</td>\n",
       "      <td>12.898331</td>\n",
       "    </tr>\n",
       "    <tr>\n",
       "      <th>22</th>\n",
       "      <td>10.313901</td>\n",
       "      <td>37.040359</td>\n",
       "      <td>2.451420</td>\n",
       "      <td>40.059791</td>\n",
       "      <td>1.793722</td>\n",
       "      <td>8.340807</td>\n",
       "    </tr>\n",
       "    <tr>\n",
       "      <th>23</th>\n",
       "      <td>9.156118</td>\n",
       "      <td>52.447257</td>\n",
       "      <td>17.721519</td>\n",
       "      <td>8.860759</td>\n",
       "      <td>5.485232</td>\n",
       "      <td>6.329114</td>\n",
       "    </tr>\n",
       "    <tr>\n",
       "      <th>24</th>\n",
       "      <td>14.072933</td>\n",
       "      <td>57.729841</td>\n",
       "      <td>1.951721</td>\n",
       "      <td>12.326656</td>\n",
       "      <td>2.978942</td>\n",
       "      <td>10.939908</td>\n",
       "    </tr>\n",
       "    <tr>\n",
       "      <th>25</th>\n",
       "      <td>7.398777</td>\n",
       "      <td>73.696475</td>\n",
       "      <td>1.806001</td>\n",
       "      <td>7.864841</td>\n",
       "      <td>1.660355</td>\n",
       "      <td>7.573551</td>\n",
       "    </tr>\n",
       "    <tr>\n",
       "      <th>26</th>\n",
       "      <td>12.128923</td>\n",
       "      <td>59.075488</td>\n",
       "      <td>3.011026</td>\n",
       "      <td>13.994911</td>\n",
       "      <td>2.544529</td>\n",
       "      <td>9.245123</td>\n",
       "    </tr>\n",
       "    <tr>\n",
       "      <th>27</th>\n",
       "      <td>17.146715</td>\n",
       "      <td>55.310531</td>\n",
       "      <td>2.700270</td>\n",
       "      <td>11.701170</td>\n",
       "      <td>3.060306</td>\n",
       "      <td>10.081008</td>\n",
       "    </tr>\n",
       "    <tr>\n",
       "      <th>28</th>\n",
       "      <td>12.858464</td>\n",
       "      <td>62.072155</td>\n",
       "      <td>3.977798</td>\n",
       "      <td>9.713228</td>\n",
       "      <td>3.330250</td>\n",
       "      <td>8.048104</td>\n",
       "    </tr>\n",
       "    <tr>\n",
       "      <th>29</th>\n",
       "      <td>15.944982</td>\n",
       "      <td>47.784004</td>\n",
       "      <td>3.362201</td>\n",
       "      <td>15.282731</td>\n",
       "      <td>2.750891</td>\n",
       "      <td>14.875191</td>\n",
       "    </tr>\n",
       "    <tr>\n",
       "      <th>30</th>\n",
       "      <td>10.275689</td>\n",
       "      <td>68.128655</td>\n",
       "      <td>2.882206</td>\n",
       "      <td>12.531328</td>\n",
       "      <td>2.005013</td>\n",
       "      <td>4.177109</td>\n",
       "    </tr>\n",
       "  </tbody>\n",
       "</table>\n",
       "</div>"
      ],
      "text/plain": [
       "           식료품         의복        외식비         책값   온라인소액결제        의료비\n",
       "NUM                                                                 \n",
       "1     8.629893  63.612100   3.825623  12.900356  2.491103   8.540925\n",
       "2    11.568525  62.741011   3.647733  13.548723  1.719646   6.774362\n",
       "3    14.757049  53.089382   4.499100  13.197361  4.499100   9.958008\n",
       "4     8.421450  47.129909   2.907855  29.456193  1.472810  10.611782\n",
       "5    14.228188  58.210291   3.758389  11.185682  3.445190   9.172260\n",
       "6    18.752726  51.548190   2.747492  10.902747  1.875273  14.173572\n",
       "7    11.750600  58.992806   4.276579   9.592326  4.796163  10.591527\n",
       "8    12.096106  67.067109   3.106877  13.670257  2.609776   1.449876\n",
       "9    13.131769  60.875451   2.075812  12.184116  3.294224   8.438628\n",
       "10   10.380623  58.866782   3.503460  13.840830  2.854671  10.553633\n",
       "11   12.819421  59.454855   3.194208   9.795571  3.109029  11.626917\n",
       "12    6.338028  66.431925   3.661972  11.737089  1.361502  10.469484\n",
       "13   10.568032  58.388375   2.950242  12.329370  3.082343  12.681638\n",
       "14    9.098940  46.643110  14.134276   9.275618  2.738516  18.109541\n",
       "15    8.956522  66.739130   2.913043  11.739130  1.347826   8.304348\n",
       "16   13.443396  55.896226   3.867925  11.792453  2.830189  12.169811\n",
       "17   14.947781  45.104439   4.373368  21.540470  4.503916   9.530026\n",
       "18    8.346506  72.715776   2.782169   7.587733  2.371167   6.196649\n",
       "19   20.578231  40.391156   7.568027  17.857143  4.166667   9.438776\n",
       "20   14.547304  64.598169   4.984741  11.698881  1.881994   2.288911\n",
       "21   10.976227  55.842185   3.287810  14.162873  2.832575  12.898331\n",
       "22   10.313901  37.040359   2.451420  40.059791  1.793722   8.340807\n",
       "23    9.156118  52.447257  17.721519   8.860759  5.485232   6.329114\n",
       "24   14.072933  57.729841   1.951721  12.326656  2.978942  10.939908\n",
       "25    7.398777  73.696475   1.806001   7.864841  1.660355   7.573551\n",
       "26   12.128923  59.075488   3.011026  13.994911  2.544529   9.245123\n",
       "27   17.146715  55.310531   2.700270  11.701170  3.060306  10.081008\n",
       "28   12.858464  62.072155   3.977798   9.713228  3.330250   8.048104\n",
       "29   15.944982  47.784004   3.362201  15.282731  2.750891  14.875191\n",
       "30   10.275689  68.128655   2.882206  12.531328  2.005013   4.177109"
      ]
     },
     "execution_count": 65,
     "metadata": {},
     "output_type": "execute_result"
    }
   ],
   "source": [
    "card.apply(f2,axis = 1)"
   ]
  },
  {
   "cell_type": "code",
   "execution_count": 66,
   "metadata": {},
   "outputs": [],
   "source": [
    "# 2) 각 일별 지출 비용이 가장 높은 품목 출력"
   ]
  },
  {
   "cell_type": "code",
   "execution_count": 70,
   "metadata": {},
   "outputs": [
    {
     "data": {
      "text/plain": [
       "NUM\n",
       "1     의복\n",
       "2     의복\n",
       "3     의복\n",
       "4     의복\n",
       "5     의복\n",
       "6     의복\n",
       "7     의복\n",
       "8     의복\n",
       "9     의복\n",
       "10    의복\n",
       "11    의복\n",
       "12    의복\n",
       "13    의복\n",
       "14    의복\n",
       "15    의복\n",
       "16    의복\n",
       "17    의복\n",
       "18    의복\n",
       "19    의복\n",
       "20    의복\n",
       "21    의복\n",
       "22    책값\n",
       "23    의복\n",
       "24    의복\n",
       "25    의복\n",
       "26    의복\n",
       "27    의복\n",
       "28    의복\n",
       "29    의복\n",
       "30    의복\n",
       "dtype: object"
      ]
     },
     "execution_count": 70,
     "metadata": {},
     "output_type": "execute_result"
    }
   ],
   "source": [
    "card.iloc[0,:].argmax()\n",
    "card.idxmax(axis=1)"
   ]
  },
  {
   "cell_type": "markdown",
   "metadata": {},
   "source": [
    "## 최대 최소를 갖는 인덱스 리턴 메서드(whichmax, whichmin in R)\n",
    "### 1. \n",
    "- array 적용 가능(다차원 가능)\n",
    "- Series 에는 적용 가능(idmax로 대체 추천), DataFrame에는 불가\n",
    "- axis 를 사용하여 행별, 열별 최대 최소를 갖는 위치값 리턴\n",
    "\n",
    "### 2. pandas 의 idmax, idmin\n",
    "- Serie, DataFrame 적용 가능\n",
    "- axis를 사용하여 행별, 열별 최대 최소를 갖는 index값 리턴\n",
    "\n"
   ]
  },
  {
   "cell_type": "code",
   "execution_count": 72,
   "metadata": {},
   "outputs": [],
   "source": [
    "arr1 = np.array([[3,2,9],[10,2,1],[2,4,3]])\n",
    "df1 = DataFrame(arr1)"
   ]
  },
  {
   "cell_type": "code",
   "execution_count": 75,
   "metadata": {},
   "outputs": [
    {
     "data": {
      "text/plain": [
       "array([[ 3,  2,  9],\n",
       "       [10,  2,  1],\n",
       "       [ 2,  4,  3]])"
      ]
     },
